44:85:00:c5:6a:fc	1496067186211267	71	0	0	0	0	609	0	0	SUCCESS	528782911267
44:85:00:c5:69:da	1496067186633643	0	0	0	0	0	0	0	0	FAILURE	528783333643
44:85:00:c5:6b:74	1496067186363933	86	0	0	0	0	826	0	0	SUCCESS	528783063932
44:85:00:c5:6b:83	1496067186633633	0	0	0	0	0	0	0	0	FAILURE	528783333632
e4:b3:18:c3:63:15	1496067186633631	0	0	0	0	0	0	0	0	FAILURE	528783333631
e4:b3:18:9f:bf:a5	1496067187309923	0	0	0	0	0	0	0	0	FAILURE	528784009923
e4:b3:18:9f:c1:8a	1496067187309920	0	0	0	0	0	0	0	0	FAILURE	528784009920
e4:b3:18:9f:bf:91	1496067187309916	0	0	0	0	0	0	0	0	FAILURE	528784009915
44:85:00:c5:6b:6f	1496067187309912	0	0	0	0	0	0	0	0	FAILURE	528784009912
e4:b3:18:9f:c1:53	1496067187309908	0	0	0	0	0	0	0	0	FAILURE	528784009908
44:85:00:c5:6b:7e	1496067187989095	0	0	0	0	0	0	0	0	FAILURE	528784689095
44:85:00:c5:6a:e8	1496067187989146	0	0	0	0	0	0	0	0	FAILURE	528784689146
e4:b3:18:9f:c0:d6	1496067187989085	0	0	0	0	0	0	0	0	FAILURE	528784689085
44:85:00:c5:6a:de	1496067187989079	0	0	0	0	0	0	0	0	FAILURE	528784689079
44:85:00:c5:6b:10	1496067187989085	0	0	0	0	0	0	0	0	FAILURE	528784689085
e4:b3:18:9f:bf:f5	1496067188151570	0	0	0	0	0	0	0	0	FAILURE	528784851570
44:85:00:c5:6a:fc	1496067189179778	74	0	0	0	0	878	0	0	SUCCESS	528785879778
44:85:00:c5:69:da	1496067189602287	0	0	0	0	0	0	0	0	FAILURE	528786302287
44:85:00:c5:6b:74	1496067189602328	0	0	0	0	0	0	0	0	FAILURE	528786302327
44:85:00:c5:6b:83	1496067189602280	0	0	0	0	0	0	0	0	FAILURE	528786302280
e4:b3:18:c3:63:15	1496067189602276	0	0	0	0	0	0	0	0	FAILURE	528786302276
e4:b3:18:9f:bf:a5	1496067190280191	0	0	0	0	0	0	0	0	FAILURE	528786980191
e4:b3:18:9f:c1:8a	1496067190280185	0	0	0	0	0	0	0	0	FAILURE	528786980185
e4:b3:18:9f:bf:91	1496067190280180	0	0	0	0	0	0	0	0	FAILURE	528786980180
44:85:00:c5:6b:6f	1496067190280235	0	0	0	0	0	0	0	0	FAILURE	528786980235
e4:b3:18:9f:c1:53	1496067190280171	0	0	0	0	0	0	0	0	FAILURE	528786980171
44:85:00:c5:6b:7e	1496067190957579	0	0	0	0	0	0	0	0	FAILURE	528787657579
44:85:00:c5:6a:e8	1496067190957579	0	0	0	0	0	0	0	0	FAILURE	528787657579
e4:b3:18:9f:c0:d6	1496067190957575	0	0	0	0	0	0	0	0	FAILURE	528787657574
44:85:00:c5:6a:de	1496067190957569	0	0	0	0	0	0	0	0	FAILURE	528787657569
44:85:00:c5:6b:10	1496067190957563	0	0	0	0	0	0	0	0	FAILURE	528787657563
e4:b3:18:9f:bf:f5	1496067191124929	0	0	0	0	0	0	0	0	FAILURE	528787824929
44:85:00:c5:6a:fc	1496067192155478	71	0	0	0	0	902	0	0	SUCCESS	528788855478
44:85:00:c5:69:da	1496067192574793	0	0	0	0	0	0	0	0	FAILURE	528789274793
44:85:00:c5:6b:74	1496067192307249	83	0	0	0	0	895	0	0	SUCCESS	528789007249
44:85:00:c5:6b:83	1496067192574784	0	0	0	0	0	0	0	0	FAILURE	528789274784
e4:b3:18:c3:63:15	1496067192574779	0	0	0	0	0	0	0	0	FAILURE	528789274779
e4:b3:18:9f:bf:a5	1496067193252966	0	0	0	0	0	0	0	0	FAILURE	528789952966
e4:b3:18:9f:c1:8a	1496067193253023	0	0	0	0	0	0	0	0	FAILURE	528789953022
e4:b3:18:9f:bf:91	1496067193252959	0	0	0	0	0	0	0	0	FAILURE	528789952959
44:85:00:c5:6b:6f	1496067193252951	0	0	0	0	0	0	0	0	FAILURE	528789952951
e4:b3:18:9f:c1:53	1496067193252945	0	0	0	0	0	0	0	0	FAILURE	528789952945
44:85:00:c5:6b:7e	1496067193928424	0	0	0	0	0	0	0	0	FAILURE	528790628424
44:85:00:c5:6a:e8	1496067193928417	0	0	0	0	0	0	0	0	FAILURE	528790628417
e4:b3:18:9f:c0:d6	1496067193928416	0	0	0	0	0	0	0	0	FAILURE	528790628415
44:85:00:c5:6a:de	1496067193928406	0	0	0	0	0	0	0	0	FAILURE	528790628406
44:85:00:c5:6b:10	1496067193928402	0	0	0	0	0	0	0	0	FAILURE	528790628402
e4:b3:18:9f:bf:f5	1496067194092988	0	0	0	0	0	0	0	0	FAILURE	528790792988
44:85:00:c5:6a:fc	1496067195123659	67	0	0	0	0	669	0	0	SUCCESS	528791823658
44:85:00:c5:69:da	1496067195531482	0	0	0	0	0	0	0	0	FAILURE	528792231481
44:85:00:c5:6b:74	1496067195264067	78	0	0	0	0	729	0	0	SUCCESS	528791964067
44:85:00:c5:6b:83	1496067195531524	0	0	0	0	0	0	0	0	FAILURE	528792231524
e4:b3:18:c3:63:15	1496067195531471	0	0	0	0	0	0	0	0	FAILURE	528792231470
e4:b3:18:9f:bf:a5	1496067196209298	0	0	0	0	0	0	0	0	FAILURE	528792909298
e4:b3:18:9f:c1:8a	1496067196209291	0	0	0	0	0	0	0	0	FAILURE	528792909290
e4:b3:18:9f:bf:91	1496067196209288	0	0	0	0	0	0	0	0	FAILURE	528792909288
44:85:00:c5:6b:6f	1496067196209284	0	0	0	0	0	0	0	0	FAILURE	528792909284
e4:b3:18:9f:c1:53	1496067196209336	0	0	0	0	0	0	0	0	FAILURE	528792909336
44:85:00:c5:6b:7e	1496067196887900	0	0	0	0	0	0	0	0	FAILURE	528793587900
44:85:00:c5:6a:e8	1496067196887899	0	0	0	0	0	0	0	0	FAILURE	528793587899
e4:b3:18:9f:c0:d6	1496067196887895	0	0	0	0	0	0	0	0	FAILURE	528793587895
44:85:00:c5:6a:de	1496067196887933	0	0	0	0	0	0	0	0	FAILURE	528793587933
44:85:00:c5:6b:10	1496067196887888	0	0	0	0	0	0	0	0	FAILURE	528793587888
e4:b3:18:9f:bf:f5	1496067197055063	0	0	0	0	0	0	0	0	FAILURE	528793755063
44:85:00:c5:6a:fc	1496067198084217	58	0	0	0	0	785	0	0	SUCCESS	528794784217
44:85:00:c5:69:da	1496067198377011	0	0	0	0	0	0	0	0	FAILURE	528795077010
44:85:00:c5:6b:74	1496067198224870	70	0	0	0	0	554	0	0	SUCCESS	528794924870
44:85:00:c5:6b:83	1496067198237452	75	0	0	0	0	1314	0	0	SUCCESS	528794937452
e4:b3:18:c3:63:15	1496067198376950	0	0	0	0	0	0	0	0	FAILURE	528795076949
e4:b3:18:9f:bf:a5	1496067198413851	72	0	0	0	0	2484	0	0	SUCCESS	528795113851
e4:b3:18:9f:c1:8a	1496067198426248	82	0	0	0	0	3070	0	0	SUCCESS	528795126248
e4:b3:18:9f:bf:91	1496067198441461	80	0	0	0	0	2995	0	0	SUCCESS	528795141461
44:85:00:c5:6b:6f	1496067198709560	0	0	0	0	0	0	0	0	FAILURE	528795409559
e4:b3:18:9f:c1:53	1496067198709552	0	0	0	0	0	0	0	0	FAILURE	528795409552
44:85:00:c5:6b:7e	1496067199387738	0	0	0	0	0	0	0	0	FAILURE	528796087737
44:85:00:c5:6a:e8	1496067199387736	0	0	0	0	0	0	0	0	FAILURE	528796087736
e4:b3:18:9f:c0:d6	1496067199387734	0	0	0	0	0	0	0	0	FAILURE	528796087733
44:85:00:c5:6a:de	1496067199387760	0	0	0	0	0	0	0	0	FAILURE	528796087760
44:85:00:c5:6b:10	1496067199387722	0	0	0	0	0	0	0	0	FAILURE	528796087722
e4:b3:18:9f:bf:f5	1496067199552105	0	0	0	0	0	0	0	0	FAILURE	528796252104
44:85:00:c5:6a:fc	1496067200582057	67	0	0	0	0	972	0	0	SUCCESS	528797282056
44:85:00:c5:69:da	1496067200875481	0	0	0	0	0	0	0	0	FAILURE	528797575481
44:85:00:c5:6b:74	1496067200722643	72	0	0	0	0	535	0	0	SUCCESS	528797422642
44:85:00:c5:6b:83	1496067200735165	79	0	0	0	0	1383	0	0	SUCCESS	528797435165
e4:b3:18:c3:63:15	1496067200875470	0	0	0	0	0	0	0	0	FAILURE	528797575469
e4:b3:18:9f:bf:a5	1496067200914789	78	0	0	0	0	2571	0	0	SUCCESS	528797614789
e4:b3:18:9f:c1:8a	1496067201438848	0	0	0	0	0	0	0	0	FAILURE	528798138848
e4:b3:18:9f:bf:91	1496067201438840	0	0	0	0	0	0	0	0	FAILURE	528798138840
44:85:00:c5:6b:6f	1496067201438840	0	0	0	0	0	0	0	0	FAILURE	528798138840
e4:b3:18:9f:c1:53	1496067201438839	0	0	0	0	0	0	0	0	FAILURE	528798138839
44:85:00:c5:6b:7e	1496067202114787	0	0	0	0	0	0	0	0	FAILURE	528798814787
44:85:00:c5:6a:e8	1496067202114784	0	0	0	0	0	0	0	0	FAILURE	528798814784
e4:b3:18:9f:c0:d6	1496067202114777	0	0	0	0	0	0	0	0	FAILURE	528798814777
44:85:00:c5:6a:de	1496067202114776	0	0	0	0	0	0	0	0	FAILURE	528798814776
44:85:00:c5:6b:10	1496067202114773	0	0	0	0	0	0	0	0	FAILURE	528798814773
e4:b3:18:9f:bf:f5	1496067202280079	0	0	0	0	0	0	0	0	FAILURE	528798980079
44:85:00:c5:6a:fc	1496067203311080	67	0	0	0	0	1015	0	0	SUCCESS	528800011079
44:85:00:c5:69:da	1496067203603267	0	0	0	0	0	0	0	0	FAILURE	528800303267
44:85:00:c5:6b:74	1496067203451172	71	0	0	0	0	487	0	0	SUCCESS	528800151172
44:85:00:c5:6b:83	1496067203463563	80	0	0	0	0	1443	0	0	SUCCESS	528800163563
e4:b3:18:c3:63:15	1496067203603256	0	0	0	0	0	0	0	0	FAILURE	528800303256
e4:b3:18:9f:bf:a5	1496067203638363	82	0	0	0	0	2219	0	0	SUCCESS	528800338363
e4:b3:18:9f:c1:8a	1496067203949211	0	0	0	0	0	0	0	0	FAILURE	528800649211
e4:b3:18:9f:bf:91	1496067203679091	84	0	0	0	0	2983	0	0	SUCCESS	528800379091
44:85:00:c5:6b:6f	1496067203949204	0	0	0	0	0	0	0	0	FAILURE	528800649204
e4:b3:18:9f:c1:53	1496067203949202	0	0	0	0	0	0	0	0	FAILURE	528800649202
44:85:00:c5:6b:7e	1496067204622168	0	0	0	0	0	0	0	0	FAILURE	528801322168
44:85:00:c5:6a:e8	1496067204622164	0	0	0	0	0	0	0	0	FAILURE	528801322164
e4:b3:18:9f:c0:d6	1496067204622203	0	0	0	0	0	0	0	0	FAILURE	528801322203
44:85:00:c5:6a:de	1496067204622155	0	0	0	0	0	0	0	0	FAILURE	528801322155
44:85:00:c5:6b:10	1496067204622152	0	0	0	0	0	0	0	0	FAILURE	528801322151
e4:b3:18:9f:bf:f5	1496067204786421	0	0	0	0	0	0	0	0	FAILURE	528801486421
44:85:00:c5:6a:fc	1496067205818751	61	0	0	0	0	947	0	0	SUCCESS	528802518751
44:85:00:c5:69:da	1496067206111883	0	0	0	0	0	0	0	0	FAILURE	528802811883
44:85:00:c5:6b:74	1496067205959156	71	0	0	0	0	539	0	0	SUCCESS	528802659156
44:85:00:c5:6b:83	1496067205972329	82	0	0	0	0	1023	0	0	SUCCESS	528802672329
e4:b3:18:c3:63:15	1496067206111872	0	0	0	0	0	0	0	0	FAILURE	528802811872
e4:b3:18:9f:bf:a5	1496067206151289	76	0	0	0	0	2443	0	0	SUCCESS	528802851289
e4:b3:18:9f:c1:8a	1496067206172364	86	0	0	0	0	2996	0	0	SUCCESS	528802872363
e4:b3:18:9f:bf:91	1496067206187064	79	0	0	0	0	2811	0	0	SUCCESS	528802887064
44:85:00:c5:6b:6f	1496067206455116	0	0	0	0	0	0	0	0	FAILURE	528803155116
e4:b3:18:9f:c1:53	1496067206455113	0	0	0	0	0	0	0	0	FAILURE	528803155112
44:85:00:c5:6b:7e	1496067207132888	0	0	0	0	0	0	0	0	FAILURE	528803832888
44:85:00:c5:6a:e8	1496067207132887	0	0	0	0	0	0	0	0	FAILURE	528803832886
e4:b3:18:9f:c0:d6	1496067207132886	0	0	0	0	0	0	0	0	FAILURE	528803832886
44:85:00:c5:6a:de	1496067207132877	0	0	0	0	0	0	0	0	FAILURE	528803832877
44:85:00:c5:6b:10	1496067207132875	0	0	0	0	0	0	0	0	FAILURE	528803832875
e4:b3:18:9f:bf:f5	1496067207296254	0	0	0	0	0	0	0	0	FAILURE	528803996254
44:85:00:c5:6a:fc	1496067208327398	61	0	0	0	0	924	0	0	SUCCESS	528805027398
44:85:00:c5:69:da	1496067208619912	0	0	0	0	0	0	0	0	FAILURE	528805319912
44:85:00:c5:6b:74	1496067208467809	65	0	0	0	0	313	0	0	SUCCESS	528805167809
44:85:00:c5:6b:83	1496067208480093	79	0	0	0	0	1353	0	0	SUCCESS	528805180093
e4:b3:18:c3:63:15	1496067208619902	0	0	0	0	0	0	0	0	FAILURE	528805319902
e4:b3:18:9f:bf:a5	1496067208660956	82	0	0	0	0	2214	0	0	SUCCESS	528805360955
e4:b3:18:9f:c1:8a	1496067209079836	0	0	0	0	0	0	0	0	FAILURE	528805779835
e4:b3:18:9f:bf:91	1496067208811656	85	0	0	0	0	2849	0	0	SUCCESS	528805511656
44:85:00:c5:6b:6f	1496067209079869	0	0	0	0	0	0	0	0	FAILURE	528805779868
e4:b3:18:9f:c1:53	1496067209079824	0	0	0	0	0	0	0	0	FAILURE	528805779824
44:85:00:c5:6b:7e	1496067209758856	0	0	0	0	0	0	0	0	FAILURE	528806458856
44:85:00:c5:6a:e8	1496067209758851	0	0	0	0	0	0	0	0	FAILURE	528806458851
e4:b3:18:9f:c0:d6	1496067209758842	0	0	0	0	0	0	0	0	FAILURE	528806458842
44:85:00:c5:6a:de	1496067209758843	0	0	0	0	0	0	0	0	FAILURE	528806458843
44:85:00:c5:6b:10	1496067209758838	0	0	0	0	0	0	0	0	FAILURE	528806458838
e4:b3:18:9f:bf:f5	1496067209925409	0	0	0	0	0	0	0	0	FAILURE	528806625409
44:85:00:c5:6a:fc	1496067210955802	69	0	0	0	0	1125	0	0	SUCCESS	528807655802
44:85:00:c5:69:da	1496067211248555	0	0	0	0	0	0	0	0	FAILURE	528807948555
44:85:00:c5:6b:74	1496067211096238	68	0	0	0	0	441	0	0	SUCCESS	528807796238
44:85:00:c5:6b:83	1496067211108781	83	0	0	0	0	1049	0	0	SUCCESS	528807808781
e4:b3:18:c3:63:15	1496067211248503	0	0	0	0	0	0	0	0	FAILURE	528807948503
e4:b3:18:9f:bf:a5	1496067211286374	78	0	0	0	0	2245	0	0	SUCCESS	528807986374
e4:b3:18:9f:c1:8a	1496067211695158	0	0	0	0	0	0	0	0	FAILURE	528808395157
e4:b3:18:9f:bf:91	1496067211427313	81	0	0	0	0	2845	0	0	SUCCESS	528808127313
44:85:00:c5:6b:6f	1496067211695148	0	0	0	0	0	0	0	0	FAILURE	528808395148
e4:b3:18:9f:c1:53	1496067211695148	0	0	0	0	0	0	0	0	FAILURE	528808395148
44:85:00:c5:6b:7e	1496067212369779	0	0	0	0	0	0	0	0	FAILURE	528809069779
44:85:00:c5:6a:e8	1496067212369784	0	0	0	0	0	0	0	0	FAILURE	528809069784
e4:b3:18:9f:c0:d6	1496067212369773	0	0	0	0	0	0	0	0	FAILURE	528809069773
44:85:00:c5:6a:de	1496067212369766	0	0	0	0	0	0	0	0	FAILURE	528809069766
44:85:00:c5:6b:10	1496067212369768	0	0	0	0	0	0	0	0	FAILURE	528809069768
e4:b3:18:9f:bf:f5	1496067212535085	0	0	0	0	0	0	0	0	FAILURE	528809235085
44:85:00:c5:6a:fc	1496067213566818	67	0	0	0	0	1109	0	0	SUCCESS	528810266818
44:85:00:c5:69:da	1496067213862214	0	0	0	0	0	0	0	0	FAILURE	528810562214
44:85:00:c5:6b:74	1496067213707353	67	0	0	0	0	414	0	0	SUCCESS	528810407353
44:85:00:c5:6b:83	1496067213719986	79	0	0	0	0	1238	0	0	SUCCESS	528810419985
e4:b3:18:c3:63:15	1496067213862206	0	0	0	0	0	0	0	0	FAILURE	528810562205
e4:b3:18:9f:bf:a5	1496067213900751	79	0	0	0	0	2041	0	0	SUCCESS	528810600751
e4:b3:18:9f:c1:8a	1496067214318862	0	0	0	0	0	0	0	0	FAILURE	528811018862
e4:b3:18:9f:bf:91	1496067214050443	79	0	0	0	0	2730	0	0	SUCCESS	528810750442
44:85:00:c5:6b:6f	1496067214318852	0	0	0	0	0	0	0	0	FAILURE	528811018852
e4:b3:18:9f:c1:53	1496067214318851	0	0	0	0	0	0	0	0	FAILURE	528811018851
44:85:00:c5:6b:7e	1496067214998851	0	0	0	0	0	0	0	0	FAILURE	528811698851
44:85:00:c5:6a:e8	1496067214998846	0	0	0	0	0	0	0	0	FAILURE	528811698846
e4:b3:18:9f:c0:d6	1496067214998843	0	0	0	0	0	0	0	0	FAILURE	528811698843
44:85:00:c5:6a:de	1496067214998839	0	0	0	0	0	0	0	0	FAILURE	528811698839
44:85:00:c5:6b:10	1496067214998833	0	0	0	0	0	0	0	0	FAILURE	528811698833
e4:b3:18:9f:bf:f5	1496067215165069	0	0	0	0	0	0	0	0	FAILURE	528811865069
44:85:00:c5:6a:fc	1496067216195369	59	0	0	0	0	1109	0	0	SUCCESS	528812895369
44:85:00:c5:69:da	1496067216487356	0	0	0	0	0	0	0	0	FAILURE	528813187355
44:85:00:c5:6b:74	1496067216335568	67	0	0	0	0	386	0	0	SUCCESS	528813035568
44:85:00:c5:6b:83	1496067216347764	81	0	0	0	0	1167	0	0	SUCCESS	528813047763
e4:b3:18:c3:63:15	1496067216487344	0	0	0	0	0	0	0	0	FAILURE	528813187344
e4:b3:18:9f:bf:a5	1496067216525609	78	0	0	0	0	2016	0	0	SUCCESS	528813225609
e4:b3:18:9f:c1:8a	1496067216833453	0	0	0	0	0	0	0	0	FAILURE	528813533453
e4:b3:18:9f:bf:91	1496067216565046	84	0	0	0	0	2444	0	0	SUCCESS	528813265046
44:85:00:c5:6b:6f	1496067216833443	0	0	0	0	0	0	0	0	FAILURE	528813533443
e4:b3:18:9f:c1:53	1496067216833476	0	0	0	0	0	0	0	0	FAILURE	528813533476
44:85:00:c5:6b:7e	1496067217512693	0	0	0	0	0	0	0	0	FAILURE	528814212693
44:85:00:c5:6a:e8	1496067217512759	0	0	0	0	0	0	0	0	FAILURE	528814212758
e4:b3:18:9f:c0:d6	1496067217512687	0	0	0	0	0	0	0	0	FAILURE	528814212687
44:85:00:c5:6a:de	1496067217512679	0	0	0	0	0	0	0	0	FAILURE	528814212679
44:85:00:c5:6b:10	1496067217512676	0	0	0	0	0	0	0	0	FAILURE	528814212676
e4:b3:18:9f:bf:f5	1496067217676405	0	0	0	0	0	0	0	0	FAILURE	528814376405
44:85:00:c5:6a:fc	1496067218704077	67	0	0	0	0	1205	0	0	SUCCESS	528815404077
44:85:00:c5:69:da	1496067218998718	0	0	0	0	0	0	0	0	FAILURE	528815698718
44:85:00:c5:6b:74	1496067218844776	59	0	0	0	0	285	0	0	SUCCESS	528815544776
44:85:00:c5:6b:83	1496067218857037	79	0	0	0	0	1201	0	0	SUCCESS	528815557037
e4:b3:18:c3:63:15	1496067218998706	0	0	0	0	0	0	0	0	FAILURE	528815698706
e4:b3:18:9f:bf:a5	1496067219037741	81	0	0	0	0	2133	0	0	SUCCESS	528815737741
e4:b3:18:9f:c1:8a	1496067219446540	0	0	0	0	0	0	0	0	FAILURE	528816146540
e4:b3:18:9f:bf:91	1496067219178582	85	0	0	0	0	2429	0	0	SUCCESS	528815878582
44:85:00:c5:6b:6f	1496067219446541	0	0	0	0	0	0	0	0	FAILURE	528816146541
e4:b3:18:9f:c1:53	1496067219446542	0	0	0	0	0	0	0	0	FAILURE	528816146542
44:85:00:c5:6b:7e	1496067220113153	0	0	0	0	0	0	0	0	FAILURE	528816813153
44:85:00:c5:6a:e8	1496067220113155	0	0	0	0	0	0	0	0	FAILURE	528816813155
e4:b3:18:9f:c0:d6	1496067220113146	0	0	0	0	0	0	0	0	FAILURE	528816813146
44:85:00:c5:6a:de	1496067220113144	0	0	0	0	0	0	0	0	FAILURE	528816813144
44:85:00:c5:6b:10	1496067220113179	0	0	0	0	0	0	0	0	FAILURE	528816813178
e4:b3:18:9f:bf:f5	1496067220279280	0	0	0	0	0	0	0	0	FAILURE	528816979280
44:85:00:c5:6a:fc	1496067221308213	71	0	0	0	0	1185	0	0	SUCCESS	528818008213
44:85:00:c5:69:da	1496067221602244	0	0	0	0	0	0	0	0	FAILURE	528818302243
44:85:00:c5:6b:74	1496067221449380	70	0	0	0	0	574	0	0	SUCCESS	528818149380
44:85:00:c5:6b:83	1496067221461980	80	0	0	0	0	1094	0	0	SUCCESS	528818161980
e4:b3:18:c3:63:15	1496067221602238	0	0	0	0	0	0	0	0	FAILURE	528818302238
e4:b3:18:9f:bf:a5	1496067221638646	76	0	0	0	0	1939	0	0	SUCCESS	528818338646
e4:b3:18:9f:c1:8a	1496067221945095	0	0	0	0	0	0	0	0	FAILURE	528818645095
e4:b3:18:9f:bf:91	1496067221676791	80	0	0	0	0	2519	0	0	SUCCESS	528818376791
44:85:00:c5:6b:6f	1496067221945029	0	0	0	0	0	0	0	0	FAILURE	528818645028
e4:b3:18:9f:c1:53	1496067221945059	0	0	0	0	0	0	0	0	FAILURE	528818645059
44:85:00:c5:6b:7e	1496067222623618	0	0	0	0	0	0	0	0	FAILURE	528819323618
44:85:00:c5:6a:e8	1496067222623549	0	0	0	0	0	0	0	0	FAILURE	528819323549
e4:b3:18:9f:c0:d6	1496067222623545	0	0	0	0	0	0	0	0	FAILURE	528819323545
44:85:00:c5:6a:de	1496067222623586	0	0	0	0	0	0	0	0	FAILURE	528819323586
44:85:00:c5:6b:10	1496067222623539	0	0	0	0	0	0	0	0	FAILURE	528819323539
e4:b3:18:9f:bf:f5	1496067222790064	0	0	0	0	0	0	0	0	FAILURE	528819490064
44:85:00:c5:6a:fc	1496067223821509	67	0	0	0	0	1293	0	0	SUCCESS	528820521509
44:85:00:c5:69:da	1496067224114884	0	0	0	0	0	0	0	0	FAILURE	528820814884
44:85:00:c5:6b:74	1496067223961936	65	0	0	0	0	421	0	0	SUCCESS	528820661936
44:85:00:c5:6b:83	1496067223974805	79	0	0	0	0	1030	0	0	SUCCESS	528820674804
e4:b3:18:c3:63:15	1496067224114873	0	0	0	0	0	0	0	0	FAILURE	528820814873
e4:b3:18:9f:bf:a5	1496067224153545	75	0	0	0	0	1937	0	0	SUCCESS	528820853545
e4:b3:18:9f:c1:8a	1496067224460014	0	0	0	0	0	0	0	0	FAILURE	528821160013
e4:b3:18:9f:bf:91	1496067224191833	81	0	0	0	0	2321	0	0	SUCCESS	528820891833
44:85:00:c5:6b:6f	1496067224460045	0	0	0	0	0	0	0	0	FAILURE	528821160045
e4:b3:18:9f:c1:53	1496067224459999	0	0	0	0	0	0	0	0	FAILURE	528821159999
44:85:00:c5:6b:7e	1496067225137848	0	0	0	0	0	0	0	0	FAILURE	528821837848
44:85:00:c5:6a:e8	1496067225137845	0	0	0	0	0	0	0	0	FAILURE	528821837845
e4:b3:18:9f:c0:d6	1496067225137839	0	0	0	0	0	0	0	0	FAILURE	528821837839
44:85:00:c5:6a:de	1496067225137836	0	0	0	0	0	0	0	0	FAILURE	528821837835
44:85:00:c5:6b:10	1496067225137835	0	0	0	0	0	0	0	0	FAILURE	528821837835
e4:b3:18:9f:bf:f5	1496067225301742	0	0	0	0	0	0	0	0	FAILURE	528822001742
44:85:00:c5:6a:fc	1496067226334023	63	0	0	0	0	1358	0	0	SUCCESS	528823034023
44:85:00:c5:69:da	1496067226626443	0	0	0	0	0	0	0	0	FAILURE	528823326442
44:85:00:c5:6b:74	1496067226474603	71	0	0	0	0	658	0	0	SUCCESS	528823174603
44:85:00:c5:6b:83	1496067226486959	75	0	0	0	0	826	0	0	SUCCESS	528823186959
e4:b3:18:c3:63:15	1496067226626432	0	0	0	0	0	0	0	0	FAILURE	528823326432
e4:b3:18:9f:bf:a5	1496067226673752	77	0	0	0	0	2093	0	0	SUCCESS	528823373752
e4:b3:18:9f:c1:8a	1496067227083573	0	0	0	0	0	0	0	0	FAILURE	528823783573
e4:b3:18:9f:bf:91	1496067226813954	78	0	0	0	0	2281	0	0	SUCCESS	528823513954
44:85:00:c5:6b:6f	1496067227083594	0	0	0	0	0	0	0	0	FAILURE	528823783594
e4:b3:18:9f:c1:53	1496067227083561	0	0	0	0	0	0	0	0	FAILURE	528823783561
44:85:00:c5:6b:7e	1496067227760783	0	0	0	0	0	0	0	0	FAILURE	528824460783
44:85:00:c5:6a:e8	1496067227760846	0	0	0	0	0	0	0	0	FAILURE	528824460846
e4:b3:18:9f:c0:d6	1496067227760779	0	0	0	0	0	0	0	0	FAILURE	528824460779
44:85:00:c5:6a:de	1496067227760770	0	0	0	0	0	0	0	0	FAILURE	528824460769
44:85:00:c5:6b:10	1496067227760766	0	0	0	0	0	0	0	0	FAILURE	528824460766
e4:b3:18:9f:bf:f5	1496067227923518	0	0	0	0	0	0	0	0	FAILURE	528824623518
44:85:00:c5:6a:fc	1496067228954324	65	0	0	0	0	1422	0	0	SUCCESS	528825654324
44:85:00:c5:69:da	1496067229258989	0	0	0	0	0	0	0	0	FAILURE	528825958989
44:85:00:c5:6b:74	1496067229095140	77	0	0	0	0	710	0	0	SUCCESS	528825795139
44:85:00:c5:6b:83	1496067229119401	76	0	0	0	0	599	0	0	SUCCESS	528825819401
e4:b3:18:c3:63:15	1496067229259008	0	0	0	0	0	0	0	0	FAILURE	528825959008
e4:b3:18:9f:bf:a5	1496067229295104	77	0	0	0	0	1889	0	0	SUCCESS	528825995104
e4:b3:18:9f:c1:8a	1496067229307999	86	0	0	0	0	2295	0	0	SUCCESS	528826007999
e4:b3:18:9f:bf:91	1496067229320108	83	0	0	0	0	2175	0	0	SUCCESS	528826020108
44:85:00:c5:6b:6f	1496067229597043	0	0	0	0	0	0	0	0	FAILURE	528826297043
e4:b3:18:9f:c1:53	1496067229597039	0	0	0	0	0	0	0	0	FAILURE	528826297039
44:85:00:c5:6b:7e	1496067230274033	0	0	0	0	0	0	0	0	FAILURE	528826974032
44:85:00:c5:6a:e8	1496067230274029	0	0	0	0	0	0	0	0	FAILURE	528826974029
e4:b3:18:9f:c0:d6	1496067230274071	0	0	0	0	0	0	0	0	FAILURE	528826974071
44:85:00:c5:6a:de	1496067230274019	0	0	0	0	0	0	0	0	FAILURE	528826974019
44:85:00:c5:6b:10	1496067230274054	0	0	0	0	0	0	0	0	FAILURE	528826974053
e4:b3:18:9f:bf:f5	1496067230439906	0	0	0	0	0	0	0	0	FAILURE	528827139906
44:85:00:c5:6a:fc	1496067231473081	68	0	0	0	0	1507	0	0	SUCCESS	528828173081
44:85:00:c5:69:da	1496067231765856	0	0	0	0	0	0	0	0	FAILURE	528828465856
44:85:00:c5:6b:74	1496067231613541	75	0	0	0	0	750	0	0	SUCCESS	528828313541
44:85:00:c5:6b:83	1496067231626260	73	0	0	0	0	816	0	0	SUCCESS	528828326260
e4:b3:18:c3:63:15	1496067231765846	0	0	0	0	0	0	0	0	FAILURE	528828465846
e4:b3:18:9f:bf:a5	1496067231804426	82	0	0	0	0	1785	0	0	SUCCESS	528828504426
e4:b3:18:9f:c1:8a	1496067232112019	0	0	0	0	0	0	0	0	FAILURE	528828812019
e4:b3:18:9f:bf:91	1496067231843934	84	0	0	0	0	2240	0	0	SUCCESS	528828543933
44:85:00:c5:6b:6f	1496067232111998	0	0	0	0	0	0	0	0	FAILURE	528828811997
e4:b3:18:9f:c1:53	1496067232112019	0	0	0	0	0	0	0	0	FAILURE	528828812019
44:85:00:c5:6b:7e	1496067232786597	0	0	0	0	0	0	0	0	FAILURE	528829486597
44:85:00:c5:6a:e8	1496067232786592	0	0	0	0	0	0	0	0	FAILURE	528829486592
e4:b3:18:9f:c0:d6	1496067232786591	0	0	0	0	0	0	0	0	FAILURE	528829486591
44:85:00:c5:6a:de	1496067232786585	0	0	0	0	0	0	0	0	FAILURE	528829486585
44:85:00:c5:6b:10	1496067232786577	0	0	0	0	0	0	0	0	FAILURE	528829486577
e4:b3:18:9f:bf:f5	1496067232951733	0	0	0	0	0	0	0	0	FAILURE	528829651733
44:85:00:c5:6a:fc	1496067233982945	73	0	0	0	0	1529	0	0	SUCCESS	528830682945
44:85:00:c5:69:da	1496067234285051	0	0	0	0	0	0	0	0	FAILURE	528830985051
44:85:00:c5:6b:74	1496067234133184	71	0	0	0	0	674	0	0	SUCCESS	528830833184
44:85:00:c5:6b:83	1496067234145622	73	0	0	0	0	680	0	0	SUCCESS	528830845622
e4:b3:18:c3:63:15	1496067234284982	0	0	0	0	0	0	0	0	FAILURE	528830984982
e4:b3:18:9f:bf:a5	1496067234322041	73	0	0	0	0	1691	0	0	SUCCESS	528831022041
e4:b3:18:9f:c1:8a	1496067234344593	84	0	0	0	0	2378	0	0	SUCCESS	528831044593
e4:b3:18:9f:bf:91	1496067234359731	84	0	0	0	0	2217	0	0	SUCCESS	528831059731
44:85:00:c5:6b:6f	1496067234629947	0	0	0	0	0	0	0	0	FAILURE	528831329947
e4:b3:18:9f:c1:53	1496067234629943	0	0	0	0	0	0	0	0	FAILURE	528831329943
44:85:00:c5:6b:7e	1496067235307702	0	0	0	0	0	0	0	0	FAILURE	528832007702
44:85:00:c5:6a:e8	1496067235307692	0	0	0	0	0	0	0	0	FAILURE	528832007692
e4:b3:18:9f:c0:d6	1496067235307688	0	0	0	0	0	0	0	0	FAILURE	528832007688
44:85:00:c5:6a:de	1496067235307713	0	0	0	0	0	0	0	0	FAILURE	528832007713
44:85:00:c5:6b:10	1496067235307678	0	0	0	0	0	0	0	0	FAILURE	528832007678
e4:b3:18:9f:bf:f5	1496067235471534	0	0	0	0	0	0	0	0	FAILURE	528832171533
44:85:00:c5:6a:fc	1496067236500859	68	0	0	0	0	1514	0	0	SUCCESS	528833200859
44:85:00:c5:69:da	1496067236812234	0	0	0	0	0	0	0	0	FAILURE	528833512234
44:85:00:c5:6b:74	1496067236659979	70	0	0	0	0	794	0	0	SUCCESS	528833359979
44:85:00:c5:6b:83	1496067236672527	80	0	0	0	0	762	0	0	SUCCESS	528833372527
e4:b3:18:c3:63:15	1496067236812222	0	0	0	0	0	0	0	0	FAILURE	528833512222
e4:b3:18:9f:bf:a5	1496067236851087	79	0	0	0	0	1761	0	0	SUCCESS	528833551087
e4:b3:18:9f:c1:8a	1496067237161460	0	0	0	0	0	0	0	0	FAILURE	528833861460
e4:b3:18:9f:bf:91	1496067236893213	79	0	0	0	0	1928	0	0	SUCCESS	528833593213
44:85:00:c5:6b:6f	1496067237161446	0	0	0	0	0	0	0	0	FAILURE	528833861446
e4:b3:18:9f:c1:53	1496067237161443	0	0	0	0	0	0	0	0	FAILURE	528833861443
44:85:00:c5:6b:7e	1496067237837707	0	0	0	0	0	0	0	0	FAILURE	528834537707
44:85:00:c5:6a:e8	1496067237837708	0	0	0	0	0	0	0	0	FAILURE	528834537707
e4:b3:18:9f:c0:d6	1496067237837701	0	0	0	0	0	0	0	0	FAILURE	528834537701
44:85:00:c5:6a:de	1496067237837690	0	0	0	0	0	0	0	0	FAILURE	528834537690
44:85:00:c5:6b:10	1496067237837690	0	0	0	0	0	0	0	0	FAILURE	528834537689
e4:b3:18:9f:bf:f5	1496067238001397	0	0	0	0	0	0	0	0	FAILURE	528834701397
44:85:00:c5:6a:fc	1496067239033261	64	0	0	0	0	1567	0	0	SUCCESS	528835733261
44:85:00:c5:69:da	1496067239441189	0	0	0	0	0	0	0	0	FAILURE	528836141189
44:85:00:c5:6b:74	1496067239441181	0	0	0	0	0	0	0	0	FAILURE	528836141181
44:85:00:c5:6b:83	1496067239301703	78	0	0	0	0	636	0	0	SUCCESS	528836001703
e4:b3:18:c3:63:15	1496067239441169	0	0	0	0	0	0	0	0	FAILURE	528836141169
e4:b3:18:9f:bf:a5	1496067239477036	78	0	0	0	0	1807	0	0	SUCCESS	528836177036
e4:b3:18:9f:c1:8a	1496067239787411	0	0	0	0	0	0	0	0	FAILURE	528836487411
e4:b3:18:9f:bf:91	1496067239519150	79	0	0	0	0	2035	0	0	SUCCESS	528836219149
44:85:00:c5:6b:6f	1496067239787403	0	0	0	0	0	0	0	0	FAILURE	528836487402
e4:b3:18:9f:c1:53	1496067239787401	0	0	0	0	0	0	0	0	FAILURE	528836487401
44:85:00:c5:6b:7e	1496067240462411	0	0	0	0	0	0	0	0	FAILURE	528837162411
44:85:00:c5:6a:e8	1496067240462411	0	0	0	0	0	0	0	0	FAILURE	528837162411
e4:b3:18:9f:c0:d6	1496067240462441	0	0	0	0	0	0	0	0	FAILURE	528837162441
44:85:00:c5:6a:de	1496067240462398	0	0	0	0	0	0	0	0	FAILURE	528837162398
44:85:00:c5:6b:10	1496067240462397	0	0	0	0	0	0	0	0	FAILURE	528837162397
e4:b3:18:9f:bf:f5	1496067240627989	0	0	0	0	0	0	0	0	FAILURE	528837327989
44:85:00:c5:6a:fc	1496067241659376	69	0	0	0	0	1629	0	0	SUCCESS	528838359376
44:85:00:c5:69:da	1496067241951681	0	0	0	0	0	0	0	0	FAILURE	528838651681
44:85:00:c5:6b:74	1496067241799769	80	0	0	0	0	958	0	0	SUCCESS	528838499769
44:85:00:c5:6b:83	1496067241811894	70	0	0	0	0	690	0	0	SUCCESS	528838511894
e4:b3:18:c3:63:15	1496067241951670	0	0	0	0	0	0	0	0	FAILURE	528838651669
e4:b3:18:9f:bf:a5	1496067241989559	75	0	0	0	0	1602	0	0	SUCCESS	528838689559
e4:b3:18:9f:c1:8a	1496067242012561	85	0	0	0	0	2147	0	0	SUCCESS	528838712561
e4:b3:18:9f:bf:91	1496067242027071	81	0	0	0	0	1969	0	0	SUCCESS	528838727071
44:85:00:c5:6b:6f	1496067242311020	0	0	0	0	0	0	0	0	FAILURE	528839011020
e4:b3:18:9f:c1:53	1496067242311017	0	0	0	0	0	0	0	0	FAILURE	528839011017
44:85:00:c5:6b:7e	1496067242988243	0	0	0	0	0	0	0	0	FAILURE	528839688243
44:85:00:c5:6a:e8	1496067242988235	0	0	0	0	0	0	0	0	FAILURE	528839688235
e4:b3:18:9f:c0:d6	1496067242988233	0	0	0	0	0	0	0	0	FAILURE	528839688233
44:85:00:c5:6a:de	1496067242988253	0	0	0	0	0	0	0	0	FAILURE	528839688253
44:85:00:c5:6b:10	1496067242988222	0	0	0	0	0	0	0	0	FAILURE	528839688222
e4:b3:18:9f:bf:f5	1496067243153694	0	0	0	0	0	0	0	0	FAILURE	528839853694
44:85:00:c5:6a:fc	1496067244181544	70	0	0	0	0	1740	0	0	SUCCESS	528840881544
44:85:00:c5:69:da	1496067244474333	0	0	0	0	0	0	0	0	FAILURE	528841174332
44:85:00:c5:6b:74	1496067244322114	79	0	0	0	0	1027	0	0	SUCCESS	528841022114
44:85:00:c5:6b:83	1496067244334851	72	0	0	0	0	552	0	0	SUCCESS	528841034851
e4:b3:18:c3:63:15	1496067244474320	0	0	0	0	0	0	0	0	FAILURE	528841174320
e4:b3:18:9f:bf:a5	1496067244512397	78	0	0	0	0	1620	0	0	SUCCESS	528841212397
e4:b3:18:9f:c1:8a	1496067244535408	82	0	0	0	0	2186	0	0	SUCCESS	528841235408
e4:b3:18:9f:bf:91	1496067244550042	81	0	0	0	0	2082	0	0	SUCCESS	528841250042
44:85:00:c5:6b:6f	1496067244819900	0	0	0	0	0	0	0	0	FAILURE	528841519900
e4:b3:18:9f:c1:53	1496067244819863	0	0	0	0	0	0	0	0	FAILURE	528841519863
44:85:00:c5:6b:7e	1496067245497472	0	0	0	0	0	0	0	0	FAILURE	528842197472
44:85:00:c5:6a:e8	1496067245497476	0	0	0	0	0	0	0	0	FAILURE	528842197476
e4:b3:18:9f:c0:d6	1496067245497467	0	0	0	0	0	0	0	0	FAILURE	528842197467
44:85:00:c5:6a:de	1496067245497458	0	0	0	0	0	0	0	0	FAILURE	528842197458
44:85:00:c5:6b:10	1496067245497455	0	0	0	0	0	0	0	0	FAILURE	528842197455
e4:b3:18:9f:bf:f5	1496067245660968	0	0	0	0	0	0	0	0	FAILURE	528842360968
44:85:00:c5:6a:fc	1496067246692625	68	0	0	0	0	1756	0	0	SUCCESS	528843392625
44:85:00:c5:69:da	1496067246987858	0	0	0	0	0	0	0	0	FAILURE	528843687858
44:85:00:c5:6b:74	1496067246834105	77	0	0	0	0	1055	0	0	SUCCESS	528843534104
44:85:00:c5:6b:83	1496067246848305	69	0	0	0	0	490	0	0	SUCCESS	528843548305
e4:b3:18:c3:63:15	1496067246987844	0	0	0	0	0	0	0	0	FAILURE	528843687843
e4:b3:18:9f:bf:a5	1496067247021938	72	0	0	0	0	1692	0	0	SUCCESS	528843721938
e4:b3:18:9f:c1:8a	1496067247330817	0	0	0	0	0	0	0	0	FAILURE	528844030817
e4:b3:18:9f:bf:91	1496067247063516	83	0	0	0	0	1858	0	0	SUCCESS	528843763516
44:85:00:c5:6b:6f	1496067247330810	0	0	0	0	0	0	0	0	FAILURE	528844030809
e4:b3:18:9f:c1:53	1496067247330805	0	0	0	0	0	0	0	0	FAILURE	528844030805
44:85:00:c5:6b:7e	1496067248008602	0	0	0	0	0	0	0	0	FAILURE	528844708602
44:85:00:c5:6a:e8	1496067248008600	0	0	0	0	0	0	0	0	FAILURE	528844708600
e4:b3:18:9f:c0:d6	1496067248008598	0	0	0	0	0	0	0	0	FAILURE	528844708598
44:85:00:c5:6a:de	1496067248008590	0	0	0	0	0	0	0	0	FAILURE	528844708590
44:85:00:c5:6b:10	1496067248008587	0	0	0	0	0	0	0	0	FAILURE	528844708587
e4:b3:18:9f:bf:f5	1496067248167468	0	0	0	0	0	0	0	0	FAILURE	528844867468
44:85:00:c5:6a:fc	1496067249197485	67	0	0	0	0	1693	0	0	SUCCESS	528845897485
44:85:00:c5:69:da	1496067249489499	0	0	0	0	0	0	0	0	FAILURE	528846189498
44:85:00:c5:6b:74	1496067249337768	78	0	0	0	0	1073	0	0	SUCCESS	528846037768
44:85:00:c5:6b:83	1496067249349897	70	0	0	0	0	564	0	0	SUCCESS	528846049897
e4:b3:18:c3:63:15	1496067249489481	0	0	0	0	0	0	0	0	FAILURE	528846189481
e4:b3:18:9f:bf:a5	1496067249526106	77	0	0	0	0	1656	0	0	SUCCESS	528846226106
e4:b3:18:9f:c1:8a	1496067249539133	84	0	0	0	0	1995	0	0	SUCCESS	528846239133
e4:b3:18:9f:bf:91	1496067249552322	80	0	0	0	0	1691	0	0	SUCCESS	528846252322
44:85:00:c5:6b:6f	1496067249819890	0	0	0	0	0	0	0	0	FAILURE	528846519890
e4:b3:18:9f:c1:53	1496067249819842	0	0	0	0	0	0	0	0	FAILURE	528846519842
44:85:00:c5:6b:7e	1496067250499142	0	0	0	0	0	0	0	0	FAILURE	528847199141
44:85:00:c5:6a:e8	1496067250499082	0	0	0	0	0	0	0	0	FAILURE	528847199082
e4:b3:18:9f:c0:d6	1496067250499079	0	0	0	0	0	0	0	0	FAILURE	528847199078
44:85:00:c5:6a:de	1496067250499072	0	0	0	0	0	0	0	0	FAILURE	528847199072
44:85:00:c5:6b:10	1496067250499071	0	0	0	0	0	0	0	0	FAILURE	528847199071
e4:b3:18:9f:bf:f5	1496067250664243	0	0	0	0	0	0	0	0	FAILURE	528847364243
44:85:00:c5:6a:fc	1496067251695833	65	0	0	0	0	1758	0	0	SUCCESS	528848395833
44:85:00:c5:69:da	1496067252004612	0	0	0	0	0	0	0	0	FAILURE	528848704612
44:85:00:c5:6b:74	1496067252004547	0	0	0	0	0	0	0	0	FAILURE	528848704547
44:85:00:c5:6b:83	1496067251864852	69	0	0	0	0	345	0	0	SUCCESS	528848564852
e4:b3:18:c3:63:15	1496067252004541	0	0	0	0	0	0	0	0	FAILURE	528848704541
e4:b3:18:9f:bf:a5	1496067252043460	72	0	0	0	0	1528	0	0	SUCCESS	528848743460
e4:b3:18:9f:c1:8a	1496067252055823	80	0	0	0	0	1841	0	0	SUCCESS	528848755823
e4:b3:18:9f:bf:91	1496067252068497	80	0	0	0	0	1839	0	0	SUCCESS	528848768497
44:85:00:c5:6b:6f	1496067252336613	0	0	0	0	0	0	0	0	FAILURE	528849036613
e4:b3:18:9f:c1:53	1496067252336612	0	0	0	0	0	0	0	0	FAILURE	528849036611
44:85:00:c5:6b:7e	1496067253016100	0	0	0	0	0	0	0	0	FAILURE	528849716100
44:85:00:c5:6a:e8	1496067253016092	0	0	0	0	0	0	0	0	FAILURE	528849716092
e4:b3:18:9f:c0:d6	1496067253016087	0	0	0	0	0	0	0	0	FAILURE	528849716087
44:85:00:c5:6a:de	1496067253016086	0	0	0	0	0	0	0	0	FAILURE	528849716085
44:85:00:c5:6b:10	1496067253016102	0	0	0	0	0	0	0	0	FAILURE	528849716101
e4:b3:18:9f:bf:f5	1496067253178360	0	0	0	0	0	0	0	0	FAILURE	528849878360
44:85:00:c5:6a:fc	1496067254206733	65	0	0	0	0	1875	0	0	SUCCESS	528850906733
44:85:00:c5:69:da	1496067254614893	0	0	0	0	0	0	0	0	FAILURE	528851314892
44:85:00:c5:6b:74	1496067254614887	0	0	0	0	0	0	0	0	FAILURE	528851314887
44:85:00:c5:6b:83	1496067254475195	68	0	0	0	0	494	0	0	SUCCESS	528851175194
e4:b3:18:c3:63:15	1496067254614883	0	0	0	0	0	0	0	0	FAILURE	528851314883
e4:b3:18:9f:bf:a5	1496067254653952	68	0	0	0	0	1389	0	0	SUCCESS	528851353952
e4:b3:18:9f:c1:8a	1496067254677084	82	0	0	0	0	1817	0	0	SUCCESS	528851377084
e4:b3:18:9f:bf:91	1496067254703224	81	0	0	0	0	1693	0	0	SUCCESS	528851403224
44:85:00:c5:6b:6f	1496067254971153	0	0	0	0	0	0	0	0	FAILURE	528851671153
e4:b3:18:9f:c1:53	1496067254971170	0	0	0	0	0	0	0	0	FAILURE	528851671170
44:85:00:c5:6b:7e	1496067255647774	0	0	0	0	0	0	0	0	FAILURE	528852347774
44:85:00:c5:6a:e8	1496067255647724	0	0	0	0	0	0	0	0	FAILURE	528852347724
e4:b3:18:9f:c0:d6	1496067255647719	0	0	0	0	0	0	0	0	FAILURE	528852347718
44:85:00:c5:6a:de	1496067255647719	0	0	0	0	0	0	0	0	FAILURE	528852347719
44:85:00:c5:6b:10	1496067255647740	0	0	0	0	0	0	0	0	FAILURE	528852347740
e4:b3:18:9f:bf:f5	1496067255809429	0	0	0	0	0	0	0	0	FAILURE	528852509429
44:85:00:c5:6a:fc	1496067256838813	69	0	0	0	0	1856	0	0	SUCCESS	528853538813
44:85:00:c5:69:da	1496067257139930	0	0	0	0	0	0	0	0	FAILURE	528853839930
44:85:00:c5:6b:74	1496067256987475	82	0	0	0	0	964	0	0	SUCCESS	528853687475
44:85:00:c5:6b:83	1496067257000133	66	0	0	0	0	359	0	0	SUCCESS	528853700133
e4:b3:18:c3:63:15	1496067257139920	0	0	0	0	0	0	0	0	FAILURE	528853839920
e4:b3:18:9f:bf:a5	1496067257178594	71	0	0	0	0	1432	0	0	SUCCESS	528853878594
e4:b3:18:9f:c1:8a	1496067257191549	77	0	0	0	0	2073	0	0	SUCCESS	528853891549
e4:b3:18:9f:bf:91	1496067257203824	79	0	0	0	0	1865	0	0	SUCCESS	528853903824
44:85:00:c5:6b:6f	1496067257471703	0	0	0	0	0	0	0	0	FAILURE	528854171703
e4:b3:18:9f:c1:53	1496067257471666	0	0	0	0	0	0	0	0	FAILURE	528854171666
44:85:00:c5:6b:7e	1496067258150016	0	0	0	0	0	0	0	0	FAILURE	528854850016
44:85:00:c5:6a:e8	1496067258150012	0	0	0	0	0	0	0	0	FAILURE	528854850012
e4:b3:18:9f:c0:d6	1496067258150052	0	0	0	0	0	0	0	0	FAILURE	528854850052
44:85:00:c5:6a:de	1496067258150003	0	0	0	0	0	0	0	0	FAILURE	528854850003
44:85:00:c5:6b:10	1496067258150000	0	0	0	0	0	0	0	0	FAILURE	528854850000
e4:b3:18:9f:bf:f5	1496067258316312	0	0	0	0	0	0	0	0	FAILURE	528855016312
44:85:00:c5:6a:fc	1496067259346560	73	0	0	0	0	2094	0	0	SUCCESS	528856046559
44:85:00:c5:69:da	1496067259762918	0	0	0	0	0	0	0	0	FAILURE	528856462917
44:85:00:c5:6b:74	1496067259762911	0	0	0	0	0	0	0	0	FAILURE	528856462911
44:85:00:c5:6b:83	1496067259623329	67	0	0	0	0	391	0	0	SUCCESS	528856323329
e4:b3:18:c3:63:15	1496067259762905	0	0	0	0	0	0	0	0	FAILURE	528856462905
e4:b3:18:9f:bf:a5	1496067259801673	72	0	0	0	0	1358	0	0	SUCCESS	528856501673
e4:b3:18:9f:c1:8a	1496067259814547	82	0	0	0	0	1604	0	0	SUCCESS	528856514547
e4:b3:18:9f:bf:91	1496067259827097	76	0	0	0	0	1452	0	0	SUCCESS	528856527097
44:85:00:c5:6b:6f	1496067260094966	0	0	0	0	0	0	0	0	FAILURE	528856794966
e4:b3:18:9f:c1:53	1496067260094959	0	0	0	0	0	0	0	0	FAILURE	528856794959
44:85:00:c5:6b:7e	1496067260772497	0	0	0	0	0	0	0	0	FAILURE	528857472497
44:85:00:c5:6a:e8	1496067260772546	0	0	0	0	0	0	0	0	FAILURE	528857472546
e4:b3:18:9f:c0:d6	1496067260772491	0	0	0	0	0	0	0	0	FAILURE	528857472490
44:85:00:c5:6a:de	1496067260772485	0	0	0	0	0	0	0	0	FAILURE	528857472485
44:85:00:c5:6b:10	1496067260772482	0	0	0	0	0	0	0	0	FAILURE	528857472482
e4:b3:18:9f:bf:f5	1496067260938192	0	0	0	0	0	0	0	0	FAILURE	528857638192
44:85:00:c5:6a:fc	1496067261967510	74	0	0	0	0	2014	0	0	SUCCESS	528858667510
44:85:00:c5:69:da	1496067262375943	0	0	0	0	0	0	0	0	FAILURE	528859075943
44:85:00:c5:6b:74	1496067262375938	0	0	0	0	0	0	0	0	FAILURE	528859075938
44:85:00:c5:6b:83	1496067262236168	64	0	0	0	0	292	0	0	SUCCESS	528858936168
e4:b3:18:c3:63:15	1496067262375931	0	0	0	0	0	0	0	0	FAILURE	528859075931
e4:b3:18:9f:bf:a5	1496067262414687	71	0	0	0	0	970	0	0	SUCCESS	528859114687
e4:b3:18:9f:c1:8a	1496067262438992	78	0	0	0	0	1562	0	0	SUCCESS	528859138992
e4:b3:18:9f:bf:91	1496067262456338	78	0	0	0	0	1703	0	0	SUCCESS	528859156338
44:85:00:c5:6b:6f	1496067262733675	0	0	0	0	0	0	0	0	FAILURE	528859433675
e4:b3:18:9f:c1:53	1496067262733669	0	0	0	0	0	0	0	0	FAILURE	528859433669
44:85:00:c5:6b:7e	1496067263409552	0	0	0	0	0	0	0	0	FAILURE	528860109552
44:85:00:c5:6a:e8	1496067263409549	0	0	0	0	0	0	0	0	FAILURE	528860109549
e4:b3:18:9f:c0:d6	1496067263409544	0	0	0	0	0	0	0	0	FAILURE	528860109544
44:85:00:c5:6a:de	1496067263409540	0	0	0	0	0	0	0	0	FAILURE	528860109540
44:85:00:c5:6b:10	1496067263409540	0	0	0	0	0	0	0	0	FAILURE	528860109540
e4:b3:18:9f:bf:f5	1496067263571759	0	0	0	0	0	0	0	0	FAILURE	528860271759
44:85:00:c5:6a:fc	1496067264601937	68	0	0	0	0	2076	0	0	SUCCESS	528861301937
44:85:00:c5:69:da	1496067265010002	0	0	0	0	0	0	0	0	FAILURE	528861710002
44:85:00:c5:6b:74	1496067265010035	0	0	0	0	0	0	0	0	FAILURE	528861710035
44:85:00:c5:6b:83	1496067264870192	56	0	0	0	0	286	0	0	SUCCESS	528861570192
e4:b3:18:c3:63:15	1496067265009995	0	0	0	0	0	0	0	0	FAILURE	528861709995
e4:b3:18:9f:bf:a5	1496067265048133	74	0	0	0	0	1178	0	0	SUCCESS	528861748133
e4:b3:18:9f:c1:8a	1496067265456742	0	0	0	0	0	0	0	0	FAILURE	528862156742
e4:b3:18:9f:bf:91	1496067265189041	80	0	0	0	0	1447	0	0	SUCCESS	528861889041
44:85:00:c5:6b:6f	1496067265456669	0	0	0	0	0	0	0	0	FAILURE	528862156669
e4:b3:18:9f:c1:53	1496067265456668	0	0	0	0	0	0	0	0	FAILURE	528862156668
44:85:00:c5:6b:7e	1496067266135797	0	0	0	0	0	0	0	0	FAILURE	528862835797
44:85:00:c5:6a:e8	1496067266135758	0	0	0	0	0	0	0	0	FAILURE	528862835758
e4:b3:18:9f:c0:d6	1496067266135756	0	0	0	0	0	0	0	0	FAILURE	528862835756
44:85:00:c5:6a:de	1496067266135792	0	0	0	0	0	0	0	0	FAILURE	528862835792
44:85:00:c5:6b:10	1496067266135749	0	0	0	0	0	0	0	0	FAILURE	528862835749
e4:b3:18:9f:bf:f5	1496067266300776	0	0	0	0	0	0	0	0	FAILURE	528863000776
44:85:00:c5:6a:fc	1496067267341338	70	0	0	0	0	2200	0	0	SUCCESS	528864041337
44:85:00:c5:69:da	1496067267749816	0	0	0	0	0	0	0	0	FAILURE	528864449816
44:85:00:c5:6b:74	1496067267749810	0	0	0	0	0	0	0	0	FAILURE	528864449810
44:85:00:c5:6b:83	1496067267609782	61	0	0	0	0	45	0	0	SUCCESS	528864309782
e4:b3:18:c3:63:15	1496067267749814	0	0	0	0	0	0	0	0	FAILURE	528864449814
e4:b3:18:9f:bf:a5	1496067267787426	73	0	0	0	0	923	0	0	SUCCESS	528864487426
e4:b3:18:9f:c1:8a	1496067267799947	79	0	0	0	0	1451	0	0	SUCCESS	528864499947
e4:b3:18:9f:bf:91	1496067267814690	74	0	0	0	0	1082	0	0	SUCCESS	528864514689
44:85:00:c5:6b:6f	1496067268082497	0	0	0	0	0	0	0	0	FAILURE	528864782497
e4:b3:18:9f:c1:53	1496067268082493	0	0	0	0	0	0	0	0	FAILURE	528864782493
44:85:00:c5:6b:7e	1496067268761247	0	0	0	0	0	0	0	0	FAILURE	528865461247
44:85:00:c5:6a:e8	1496067268761241	0	0	0	0	0	0	0	0	FAILURE	528865461241
e4:b3:18:9f:c0:d6	1496067268761240	0	0	0	0	0	0	0	0	FAILURE	528865461240
44:85:00:c5:6a:de	1496067268761235	0	0	0	0	0	0	0	0	FAILURE	528865461235
44:85:00:c5:6b:10	1496067268761263	0	0	0	0	0	0	0	0	FAILURE	528865461263
e4:b3:18:9f:bf:f5	1496067268926068	0	0	0	0	0	0	0	0	FAILURE	528865626068
44:85:00:c5:6a:fc	1496067269957196	71	0	0	0	0	2243	0	0	SUCCESS	528866657196
44:85:00:c5:69:da	1496067270365231	0	0	0	0	0	0	0	0	FAILURE	528867065231
44:85:00:c5:6b:74	1496067270365232	0	0	0	0	0	0	0	0	FAILURE	528867065232
44:85:00:c5:6b:83	1496067270225424	58	0	0	0	0	88	0	0	SUCCESS	528866925424
e4:b3:18:c3:63:15	1496067270365220	0	0	0	0	0	0	0	0	FAILURE	528867065220
e4:b3:18:9f:bf:a5	1496067270401272	69	0	0	0	0	971	0	0	SUCCESS	528867101272
e4:b3:18:9f:c1:8a	1496067270413439	79	0	0	0	0	1505	0	0	SUCCESS	528867113439
e4:b3:18:9f:bf:91	1496067270435741	79	0	0	0	0	1207	0	0	SUCCESS	528867135740
44:85:00:c5:6b:6f	1496067270703368	0	0	0	0	0	0	0	0	FAILURE	528867403368
e4:b3:18:9f:c1:53	1496067270703364	0	0	0	0	0	0	0	0	FAILURE	528867403364
44:85:00:c5:6b:7e	1496067271380455	0	0	0	0	0	0	0	0	FAILURE	528868080455
44:85:00:c5:6a:e8	1496067271380515	0	0	0	0	0	0	0	0	FAILURE	528868080515
e4:b3:18:9f:c0:d6	1496067271380450	0	0	0	0	0	0	0	0	FAILURE	528868080450
44:85:00:c5:6a:de	1496067271380440	0	0	0	0	0	0	0	0	FAILURE	528868080440
44:85:00:c5:6b:10	1496067271380435	0	0	0	0	0	0	0	0	FAILURE	528868080435
e4:b3:18:9f:bf:f5	1496067271543483	0	0	0	0	0	0	0	0	FAILURE	528868243483
44:85:00:c5:6a:fc	1496067272574009	72	0	0	0	0	2244	0	0	SUCCESS	528869274009
44:85:00:c5:69:da	1496067272982519	0	0	0	0	0	0	0	0	FAILURE	528869682519
44:85:00:c5:6b:74	1496067272982557	0	0	0	0	0	0	0	0	FAILURE	528869682556
44:85:00:c5:6b:83	1496067272842922	57	0	0	0	0	-146	0	0	SUCCESS	528869542922
e4:b3:18:c3:63:15	1496067272982506	0	0	0	0	0	0	0	0	FAILURE	528869682506
e4:b3:18:9f:bf:a5	1496067273022059	66	0	0	0	0	1035	0	0	SUCCESS	528869722059
e4:b3:18:9f:c1:8a	1496067273043505	79	0	0	0	0	1595	0	0	SUCCESS	528869743505
e4:b3:18:9f:bf:91	1496067273058632	74	0	0	0	0	1290	0	0	SUCCESS	528869758632
44:85:00:c5:6b:6f	1496067273326319	0	0	0	0	0	0	0	0	FAILURE	528870026319
e4:b3:18:9f:c1:53	1496067273326318	0	0	0	0	0	0	0	0	FAILURE	528870026318
44:85:00:c5:6b:7e	1496067274002902	0	0	0	0	0	0	0	0	FAILURE	528870702901
44:85:00:c5:6a:e8	1496067274002896	0	0	0	0	0	0	0	0	FAILURE	528870702896
e4:b3:18:9f:c0:d6	1496067274002887	0	0	0	0	0	0	0	0	FAILURE	528870702887
44:85:00:c5:6a:de	1496067274002888	0	0	0	0	0	0	0	0	FAILURE	528870702888
44:85:00:c5:6b:10	1496067274002884	0	0	0	0	0	0	0	0	FAILURE	528870702884
e4:b3:18:9f:bf:f5	1496067274168237	0	0	0	0	0	0	0	0	FAILURE	528870868237
44:85:00:c5:6a:fc	1496067275198979	70	0	0	0	0	2465	0	0	SUCCESS	528871898979
44:85:00:c5:69:da	1496067275607956	0	0	0	0	0	0	0	0	FAILURE	528872307956
44:85:00:c5:6b:74	1496067275607958	0	0	0	0	0	0	0	0	FAILURE	528872307958
44:85:00:c5:6b:83	1496067275468369	64	0	0	0	0	124	0	0	SUCCESS	528872168368
e4:b3:18:c3:63:15	1496067275607944	0	0	0	0	0	0	0	0	FAILURE	528872307944
e4:b3:18:9f:bf:a5	1496067275645344	64	0	0	0	0	950	0	0	SUCCESS	528872345343
e4:b3:18:9f:c1:8a	1496067275658138	73	0	0	0	0	1497	0	0	SUCCESS	528872358138
e4:b3:18:9f:bf:91	1496067275670458	76	0	0	0	0	1136	0	0	SUCCESS	528872370458
44:85:00:c5:6b:6f	1496067275938302	0	0	0	0	0	0	0	0	FAILURE	528872638302
e4:b3:18:9f:c1:53	1496067275938340	0	0	0	0	0	0	0	0	FAILURE	528872638340
44:85:00:c5:6b:7e	1496067276614607	0	0	0	0	0	0	0	0	FAILURE	528873314607
44:85:00:c5:6a:e8	1496067276614604	0	0	0	0	0	0	0	0	FAILURE	528873314604
e4:b3:18:9f:c0:d6	1496067276614625	0	0	0	0	0	0	0	0	FAILURE	528873314625
44:85:00:c5:6a:de	1496067276614594	0	0	0	0	0	0	0	0	FAILURE	528873314594
44:85:00:c5:6b:10	1496067276614588	0	0	0	0	0	0	0	0	FAILURE	528873314588
e4:b3:18:9f:bf:f5	1496067276653367	82	0	0	0	0	2161	0	0	SUCCESS	528873353367
44:85:00:c5:6a:fc	1496067277698006	72	0	0	0	0	2525	0	0	SUCCESS	528874398005
44:85:00:c5:69:da	1496067278106254	0	0	0	0	0	0	0	0	FAILURE	528874806253
44:85:00:c5:6b:74	1496067278106282	0	0	0	0	0	0	0	0	FAILURE	528874806282
44:85:00:c5:6b:83	1496067277966334	68	0	0	0	0	332	0	0	SUCCESS	528874666334
e4:b3:18:c3:63:15	1496067278106242	0	0	0	0	0	0	0	0	FAILURE	528874806242
e4:b3:18:9f:bf:a5	1496067278144931	68	0	0	0	0	923	0	0	SUCCESS	528874844931
e4:b3:18:9f:c1:8a	1496067278157479	65	0	0	0	0	1332	0	0	SUCCESS	528874857479
e4:b3:18:9f:bf:91	1496067278180768	71	0	0	0	0	984	0	0	SUCCESS	528874880768
44:85:00:c5:6b:6f	1496067278448827	0	0	0	0	0	0	0	0	FAILURE	528875148827
e4:b3:18:9f:c1:53	1496067278448838	0	0	0	0	0	0	0	0	FAILURE	528875148837
44:85:00:c5:6b:7e	1496067279125684	0	0	0	0	0	0	0	0	FAILURE	528875825684
44:85:00:c5:6a:e8	1496067279125684	0	0	0	0	0	0	0	0	FAILURE	528875825684
e4:b3:18:9f:c0:d6	1496067279125678	0	0	0	0	0	0	0	0	FAILURE	528875825678
44:85:00:c5:6a:de	1496067279125668	0	0	0	0	0	0	0	0	FAILURE	528875825668
44:85:00:c5:6b:10	1496067279125666	0	0	0	0	0	0	0	0	FAILURE	528875825666
e4:b3:18:9f:bf:f5	1496067280102420	0	0	0	0	0	0	0	0	FAILURE	528876802420
44:85:00:c5:6a:fc	1496067281132518	74	0	0	0	0	2616	0	0	SUCCESS	528877832518
44:85:00:c5:69:da	1496067281553222	0	0	0	0	0	0	0	0	FAILURE	528878253221
44:85:00:c5:6b:74	1496067281553213	0	0	0	0	0	0	0	0	FAILURE	528878253213
44:85:00:c5:6b:83	1496067281401353	70	0	0	0	0	422	0	0	SUCCESS	528878101352
e4:b3:18:c3:63:15	1496067281553232	0	0	0	0	0	0	0	0	FAILURE	528878253232
e4:b3:18:9f:bf:a5	1496067281590186	58	0	0	0	0	669	0	0	SUCCESS	528878290186
e4:b3:18:9f:c1:8a	1496067281602518	70	0	0	0	0	1312	0	0	SUCCESS	528878302517
e4:b3:18:9f:bf:91	1496067281615286	70	0	0	0	0	847	0	0	SUCCESS	528878315286
44:85:00:c5:6b:6f	1496067281894793	0	0	0	0	0	0	0	0	FAILURE	528878594793
e4:b3:18:9f:c1:53	1496067281894793	0	0	0	0	0	0	0	0	FAILURE	528878594792
44:85:00:c5:6b:7e	1496067282573104	0	0	0	0	0	0	0	0	FAILURE	528879273104
44:85:00:c5:6a:e8	1496067282573107	0	0	0	0	0	0	0	0	FAILURE	528879273107
e4:b3:18:9f:c0:d6	1496067282573096	0	0	0	0	0	0	0	0	FAILURE	528879273096
44:85:00:c5:6a:de	1496067282573091	0	0	0	0	0	0	0	0	FAILURE	528879273091
44:85:00:c5:6b:10	1496067282573126	0	0	0	0	0	0	0	0	FAILURE	528879273126
e4:b3:18:9f:bf:f5	1496067282631256	86	0	0	0	0	2014	0	0	SUCCESS	528879331256
44:85:00:c5:6a:fc	1496067283680405	73	0	0	0	0	2599	0	0	SUCCESS	528880380405
44:85:00:c5:69:da	1496067284204496	0	0	0	0	0	0	0	0	FAILURE	528880904496
44:85:00:c5:6b:74	1496067284204447	0	0	0	0	0	0	0	0	FAILURE	528880904447
44:85:00:c5:6b:83	1496067284204445	0	0	0	0	0	0	0	0	FAILURE	528880904445
e4:b3:18:c3:63:15	1496067284204440	0	0	0	0	0	0	0	0	FAILURE	528880904440
e4:b3:18:9f:bf:a5	1496067284242077	63	0	0	0	0	663	0	0	SUCCESS	528880942077
e4:b3:18:9f:c1:8a	1496067284254436	68	0	0	0	0	1293	0	0	SUCCESS	528880954435
e4:b3:18:9f:bf:91	1496067284266592	67	0	0	0	0	783	0	0	SUCCESS	528880966592
44:85:00:c5:6b:6f	1496067284534870	0	0	0	0	0	0	0	0	FAILURE	528881234870
e4:b3:18:9f:c1:53	1496067284534867	0	0	0	0	0	0	0	0	FAILURE	528881234867
44:85:00:c5:6b:7e	1496067285212040	0	0	0	0	0	0	0	0	FAILURE	528881912040
44:85:00:c5:6a:e8	1496067285212041	0	0	0	0	0	0	0	0	FAILURE	528881912041
e4:b3:18:9f:c0:d6	1496067285212036	0	0	0	0	0	0	0	0	FAILURE	528881912036
44:85:00:c5:6a:de	1496067285212031	0	0	0	0	0	0	0	0	FAILURE	528881912031
44:85:00:c5:6b:10	1496067285212028	0	0	0	0	0	0	0	0	FAILURE	528881912028
e4:b3:18:9f:bf:f5	1496067285376881	0	0	0	0	0	0	0	0	FAILURE	528882076881
44:85:00:c5:6a:fc	1496067286407506	76	0	0	0	0	2705	0	0	SUCCESS	528883107506
44:85:00:c5:69:da	1496067286931394	0	0	0	0	0	0	0	0	FAILURE	528883631394
44:85:00:c5:6b:74	1496067286931392	0	0	0	0	0	0	0	0	FAILURE	528883631392
44:85:00:c5:6b:83	1496067286931386	0	0	0	0	0	0	0	0	FAILURE	528883631386
e4:b3:18:c3:63:15	1496067286931383	0	0	0	0	0	0	0	0	FAILURE	528883631383
e4:b3:18:9f:bf:a5	1496067286969281	63	0	0	0	0	607	0	0	SUCCESS	528883669281
e4:b3:18:9f:c1:8a	1496067286981460	70	0	0	0	0	1295	0	0	SUCCESS	528883681460
e4:b3:18:9f:bf:91	1496067286994411	62	0	0	0	0	562	0	0	SUCCESS	528883694410
44:85:00:c5:6b:6f	1496067287262303	0	0	0	0	0	0	0	0	FAILURE	528883962303
e4:b3:18:9f:c1:53	1496067287262302	0	0	0	0	0	0	0	0	FAILURE	528883962302
44:85:00:c5:6b:7e	1496067287940484	0	0	0	0	0	0	0	0	FAILURE	528884640484
44:85:00:c5:6a:e8	1496067287940536	0	0	0	0	0	0	0	0	FAILURE	528884640536
e4:b3:18:9f:c0:d6	1496067287940477	0	0	0	0	0	0	0	0	FAILURE	528884640477
44:85:00:c5:6a:de	1496067287940466	0	0	0	0	0	0	0	0	FAILURE	528884640466
44:85:00:c5:6b:10	1496067287940462	0	0	0	0	0	0	0	0	FAILURE	528884640462
e4:b3:18:9f:bf:f5	1496067287980561	85	0	0	0	0	1985	0	0	SUCCESS	528884680561
